Problema 1
27,25,29,26,21,23,23,28,33,23,22,22,27,25,24,38,52,25,27,18,43,31,29,25,48,24,30,28,34,23,35,41,24,32,16,26,45,37,36,38,28,29,28,22,26,18,27,29,32,21,20,43,18,33,23

Problema 2
125,165,148,136,179,205,209,235,265,245,157,145,168,125,191,197,205,217,148,152,113,119,117,148,225,119,221,222,165,148,127,148,105,108,204,209,178,224,228,115,201,158,136,178,104,157,247,187,239,150

Problema 3
33,32,30,35,34,33,33,35,31,32,33,35,35,30,34,34,31,33,30,33,30,33,35,35,35,33,31,34,34,31,30,36,31,33,33,32,35,35,34,31,32,35

Problema 4
50,98,65,97,45,45,55,96,69,78,55,53,78,62,68,35,50,66,49,99,99,80,78,68,65,82,85,75,88,87,96,85,72,83,90,94,67,98,84,96,90,86,85,58,65,75,72,57,98,77,62,62,76,75,62,65,45,75,74,75

Problema 5
5.9,10.3,8.4,8.8,11.5,9.8,14.3,17.0,7.3,8.3,8.5,10.0,9.1,7.2,11.0,5.1,13.7,13.2,15.3,16.3,16.3,17.5,12.7,9.1,17.3,8.7,12.3,15.0,6.5,8.5,9.3,6.8,16.0,9.9,13.4,10.2,7.0,5.5,11.7,16.7,15.2,14.2